100
4 2
5 2
6 2
1000 1000
1000 1
500000000000000000 127
500000000000000000 144115188075855872
699326990685848072 680635305377535354
500000000000000000 163740560308998749
381427200931521728 346261337476093587
999999999999999999 423539247696576512
1000000000000000000 499999999999999999
865421098959557555 684155182903419004
360917918673087341 303601411776435264
1000000000000000000 128
999999999999999999 127
887304098876408148 859546197722969838
1000000000000000000 527914014562736920
3 2
500000000000000000 143500374754088600
500000000000000000 250000000000000000
658959080646161996 525500399070216400
607155866659799059 478808602542666155
384929880583945989 322262197235520868
5 1
259330858147696499 199327637605439133
1000000000000000000 423539247696576512
1000000000000000000 127
732760568021509086 618127296652689174
1000000000000000000 2
3 1
1 1
500000000000000000 211769623848288256
500000000000000000 249999999999999999
502627534851421451 468903173610277009
601191797848932721 548168387726018986
999999999999999999 329367277327674123
575159299148999951 528582889012600303
856750160143332645 664434146050029993
2 2
1000000000000000000 500000000000000000
999999999999999999 423539247696576511
707990425632737172 663859474706555763
2 1
999999999999999999 576460752303423488
999999999999999999 2
868779697169149743 664224330639358108
999999999999999999 499999999999999997
795983503314000778 781519297029362768
4 1
500000000000000000 243197388029012199
500000000000000000 128
999999999999999999 288230376151711744
1000000000000000000 288230376151711744
500000000000000000 211769623848288257
999999999999999999 499999999999999999
999999999999999999 284008158727382839
735221576388427970 621351543070068507
500000000000000000 288230376151711743
812245689558992791 779051157379015731
365396181115446694 332120320444002379
533883865169233759 448869823804426904
999999999999999999 999999999999999999
1000000000000000000 368753975369197209
1000000000000000000 1
1000000000000000000 576460752303423487
500000000000000000 144115188075855871
997509696692707666 857737495006784946
500000000000000000 1
1000000000000000000 288230376151711743
742770676193676566 717591306620485391
900060051083134558 855374461530273050
1000000000000000000 576460752303423488
1000000000000000000 999999999999999999
1000000000000000000 499999999999999998
999999999999999999 538423766738945342
500000000000000000 499999999999999999
1000000000000000000 423539247696576513
500000000000000000 2
999999999999999999 576460752303423487
418620651229100384 347964917583558534
999999999999999999 499999999999999998
413661162123781364 386134670643293570
982940613601891396 779774005848863932
999999999999999999 1
999999999999999999 288230376151711743
494695569001444768 415274375890824505
500000000000000000 249999999999999998
1000000000000000000 1000000000000000000
744566784267451322 595932167209774263
999999999999999999 999999999999999998
645924560384020297 514400404428734131
571961719311704536 434563032656917709
500000000000000000 288230376151711744
1000000000000000000 287010051740529317
787428860511543624 693975536748743635
841980470699998239 678129661777325429
580224443060375196 444847741719779338
500000000000000000 500000000000000000
999999999999999999 128
