100
4 2
5 2
6 2
1000 1000
1000 1
999999 499997
815971 764062
921416 706549
999999 499998
335961 317370
999999 524287
979381 752227
1000000 499998
784858 771571
1000000 262144
5 1
554584 465363
1000000 128
522268 479544
500000 237857
999999 2
1000000 999999
795151 759662
471798 369444
550963 418829
663514 564009
514212 435443
700696 615040
903263 808061
1000000 475712
515943 428479
500000 245247
500000 249998
376990 368681
500000 128
793543 642965
500000 1
999999 999999
611916 517670
3 2
1000000 127
664899 543712
500000 127
999999 288624
1000000 500000
272759 269416
971707 830798
999999 491896
500000 500000
742198 645848
500000 262143
517877 420209
769627 652906
870381 838057
350978 292076
500000 499999
592014 474805
644668 631458
1 1
585093 567573
2 1
432537 344920
411982 345841
999999 262143
500000 131072
999999 475712
3 1
420892 419867
999999 999998
1000000 1
1000000 262143
999999 262144
500000 262144
1000000 499999
999999 499999
797650 725527
1000000 1000000
1000000 475713
2 2
999999 524288
500000 250000
952421 782745
500000 134205
1000000 524287
930534 740282
999999 1
1000000 524288
476389 358344
864360 663162
500000 237856
500000 131071
999999 475711
500000 2
999999 127
1000000 498375
999999 128
1000000 2
500000 249999
4 1
1000000 441510
