100
4 2
5 2
6 2
1000 1000
1000 1
682 571
1000 999
1000 127
500 132
348 323
1000 500
999 256
2 2
613 498
863 840
999 127
500 250
806 664
500 245
999 496
1000 499
430 365
500 128
1 1
500 499
500 88
999 128
999 1
999 285
999 512
989 828
886 771
500 116
536 420
1000 511
907 762
999 255
726 675
563 479
3 1
999 498
999 487
500 127
2 1
999 998
500 500
698 695
631 582
1000 451
999 999
516 425
500 2
1000 489
1000 488
831 737
303 289
490 396
517 513
931 781
300 274
935 807
999 497
999 511
1000 512
500 256
405 377
500 244
752 727
500 255
1000 255
301 227
960 771
999 488
1000 498
527 517
999 2
543 530
464 417
1000 256
391 315
256 227
946 887
3 2
500 1
452 421
433 428
1000 2
500 117
999 499
5 1
495 436
280 218
500 248
548 518
539 530
386 368
1000 128
4 1
500 249
609 481
