1000
4 2
9 8
83 19
3267 966
87496 1895
76 32
89415 27288
785 549
830 419
3 3
61788 37937
323 16
885 129
54146 14192
1 1
829 673
5 2
1 1
1 1
3483 393
155 31
615 25
3078 1565
10 4
816 290
24052 10328
874 261
37260 6629
2549 1518
1289 999
2901 1229
8 4
90213 40636
29 22
1 1
558 521
8534 892
70426 22824
13388 3739
40 18
28 22
17 5
1 1
1 1
77 39
1 1
815 667
885 200
88 35
63 16
758 733
97457 700
1 1
42 21
1 1
6600 4140
214 141
886 795
622 487
3 3
5841 3334
7 5
73301 59921
667 177
1 1
4 1
7 2
1 1
1 1
5 5
26 7
3 2
65 20
761 691
64 26
56 7
31658 5478
8 3
1 1
86 75
1 1
1 1
702 315
1 1
5 2
1722 1134
99719 38668
2789 240
1575 877
16 13
3787 1152
7 3
24 8
97495 35102
97 34
1 1
639 209
621 489
81454 15455
6 5
92793 57058
77286 38128
10 5
3162 2357
281 172
1 1
1 1
5177 1047
5 1
3 1
14 4
24954 6785
1307 234
637 570
682 146
867 242
576 22
6146 2632
74 39
27154 11845
3322 3298
7 1
435 203
8 6
284 168
3 3
82 23
3516 1333
99 49
1 1
61 29
7 4
84437 35522
87698 26598
41756 34632
1 1
895 695
3 3
1 1
362 14
35 32
44652 20660
2 2
9 2
88371 4974
1 1
3 1
1432 1231
94 32
26 22
7 4
1 1
7 5
23305 4241
6744 1599
1 1
587 288
2828 31
48 15
985 88
8267 7592
29788 23085
230 132
91432 67071
5 3
6713 235
1 1
1 1
1 1
8038 570
83796 6917
52 20
35 25
406 86
51 6
72442 16485
394 251
192 61
667 74
2562 2426
1 1
3084 51
61271 48849
6157 2858
1 1
1 1
1 1
16811 11586
1 1
919 270
15 13
59 4
1 1
97092 70739
8674 1223
60 42
9643 2417
42486 38493
1 1
10 4
3304 1278
33518 9632
54 23
3435 1482
1 1
1 1
64812 42200
9 7
1 1
10 9
15 7
627 561
149 100
8277 2465
79410 39391
8 8
1 1
62450 36930
8198 7542
60 34
7137 5540
975 133
338 154
3555 890
5364 1758
1063 395
8 1
9852 6780
80145 49632
79 57
7120 7040
3566 3046
83409 10456
48371 1451
4 2
59969 45517
2 1
6480 45
47 26
381 96
60375 21467
56 16
129 88
1 1
17314 12692
474 86
49087 33724
10 8
798 641
452 323
3349 96
2 2
10318 549
6 2
8 6
1 1
14 10
4854 2032
5746 469
246 70
686 118
3 3
10 6
47 26
9286 4616
94 56
38 2
12 4
18749 10543
1 1
415 8
38 35
315 189
81872 6792
2580 406
6 4
7 7
89 75
1 1
1 1
482 203
28849 340
8 8
93 62
4 4
9414 375
1 1
1 1
4584 1706
68 30
220 190
18 4
69957 68029
630 6
1 1
92 91
45 4
1 1
53466 16263
1 1
4 4
23 14
94954 11729
63312 45747
61446 58445
985 756
4 2
1 1
1734 514
1 1
15787 7955
1 1
836 461
1 1
1 1
3929 3731
1161 509
4 3
551 415
1 1
3821 1394
87 32
1 1
174 133
35462 617
1 1
80 68
28 5
9894 7878
8518 2417
100 47
370 102
90 28
5 4
45 27
6 5
64226 35547
5 1
712 41
10 9
22 18
80 14
3 3
111 17
3 1
2936 914
7318 5703
95 21
70 44
56 5
4 1
24 21
6 6
8 2
381 50
9762 418
5471 308
4410 2920
468 1
91747 74931
29489 28416
5 2
64494 38532
47 25
1 1
930 129
4661 1149
1 1
18230 4941
1 1
123 47
1 1
1 1
2 1
1 1
23 14
329 304
9 4
38 38
1 1
75 41
3703 2259
3605 763
2105 470
208 61
8603 5936
609 110
81 71
625 425
7839 6594
1 1
317 289
7535 7122
1 1
528 171
3743 2090
1 1
77952 31024
8754 8283
86 48
99 1
100 88
65 45
2692 1350
1 1
58 49
1 1
89643 56387
1 1
15892 11193
1 1
706 522
1 1
71 26
2 1
1 1
1 1
860 327
84 9
26 15
35 31
3 2
53 23
59 43
8 7
2278 1303
83322 7746
70 13
65311 44825
27 18
30132 29948
6 1
3 1
26 19
5 3
1 1
12530 4394
51 40
3 2
21 9
2 1
6 5
1 1
868 29
54 30
27 12
5 4
92 24
96441 2445
4 1
533 171
79067 72198
209 134
10 9
76 43
8535 5253
2061 596
8 4
24 24
1 1
1 1
55 54
5 4
9 5
56422 3112
1 1
1 1
3 2
54 33
8102 5282
1 1
1 1
88 67
81845 15320
13951 9390
226 93
75 21
47938 34230
13 5
1150 1063
1 1
21 20
61 21
469 261
33 10
5 5
10 8
822 360
43101 4988
42268 37498
56592 36916
1316 217
8 1
1 1
9042 2740
1 1
7 7
4 3
61 13
8999 3836
6342 252
2240 1259
1 1
3681 423
1 1
95 36
9117 7403
7 2
1 1
1 1
1313 1153
9 8
5329 2253
1 1
5 1
264 62
2 1
4 3
30 6
9913 2142
5643 2854
1 1
90713 9045
1 1
5 1
745 363
2 1
6 6
1 1
5913 1466
1 1
608 415
7057 3520
1 1
6277 3981
78 55
6 1
1 1
1 1
83 70
9731 4563
33 22
1 1
62611 61646
1 1
976 228
6 2
1 1
494 105
5 1
1 1
7 7
3 2
15 10
18940 17447
37817 251
37 19
98135 96807
1 1
43 39
10 3
1 1
75435 1187
9645 130
4457 3707
146 61
10 9
9511 9452
87 13
1 1
307 162
1 1
1 1
54633 4884
197 147
6955 4749
701 285
1 1
9 1
3308 2683
1 1
92248 4574
7940 247
97656 7081
6 2
30321 18181
8953 6656
1 1
1 1
8 5
6 2
5314 4417
8894 3655
7701 4793
6908 4282
1 1
80 76
2688 278
25 20
45 18
693 5
3401 1157
10 7
336 115
3953 240
947 153
37 1
1802 1224
6527 1373
2 2
9 8
4 3
32 9
1591 1395
8802 2357
38 24
2 1
26 9
448 117
7421 1116
9148 4040
78644 50129
2 2
76 1
1 1
81 4
6 2
19 4
43 15
598 336
6 3
3 3
192 93
4457 3272
72 3
1 1
3 2
7 6
87768 32414
72 67
7 1
25309 15597
8 6
98 57
2171 188
408 132
3 1
515 310
81946 23592
91 44
6 6
9671 1919
2264 1172
25233 25052
8235 5412
925 66
1 1
42056 38781
23 18
418 240
1 1
971 672
8 3
510 392
216 189
4 3
89 43
4002 3766
1 1
7 2
26896 16890
1 1
78601 16070
6280 329
730 198
30 11
29 4
515 300
21 15
8 2
133 61
7 2
30 21
5 3
1 1
535 219
3136 1556
5 4
554 470
1 1
24147 414
44 43
7 1
9 3
1 1
144 53
621 441
32719 23090
1 1
4 2
1 1
44 5
150 14
1 1
1 1
1 1
55 7
1 1
96 88
1 1
3 2
12941 1971
96521 57541
4 4
699 614
8 5
1 1
1 1
1 1
19 5
1 1
11034 1473
1 1
60010 7302
1 1
1 1
581 110
2214 211
851 387
5377 1326
1 1
4 2
74505 51437
760 53
44205 38267
1 1
66517 63721
174 99
26 8
68 25
55702 33949
59 59
7 5
52 26
2 2
41669 37877
56711 44085
3538 125
785 203
8 7
26 22
4824 3430
10 1
10 10
59644 24871
846 257
56 22
1 1
791 36
6060 925
1 1
2 2
995 202
6 6
411 13
9981 9171
40 10
509 78
62 34
10 4
777 87
1189 873
1 1
1 1
10 4
86048 71075
29868 14026
2 1
24 17
38 15
2 2
40 9
1 1
1302 567
4 3
7096 3828
64 20
34 14
76489 47106
840 660
1 1
1 1
7 7
6156 3107
1 1
60 18
84 47
2 2
79030 13497
33 24
43 39
690 34
7 6
1 1
945 386
764 3
87 12
5 3
1 1
40384 38973
83462 70834
5 3
1 1
26340 8322
3681 1620
2 2
1 1
12766 11535
36480 33868
821 488
8852 105
1601 669
693 294
731 620
5526 1996
6 6
71 70
90 82
8 5
36788 7446
284 150
92 76
631 595
29 4
3578 3382
123 102
692 469
62 49
1 1
48 38
9838 5759
5751 2963
6 3
24164 20460
584 423
3963 1041
8132 3441
595 563
995 412
2507 1952
6 5
5278 4817
2742 2167
55429 14932
808 78
33481 19442
8515 4977
89125 35858
6 4
598 242
23 5
9 3
50 12
461 126
1 1
1 1
13329 13178
2 1
5281 2866
696 571
176 65
3783 2818
6254 4243
992 720
24191 23502
501 468
9776 5425
1 1
87720 59203
363 188
652 446
1 1
1459 1242
24 10
39 18
1 1
7414 5000
8229 6231
1 1
3304 121
68284 28507
67 23
87 47
562 163
6269 2533
9486 1628
351 226
13516 10444
40666 8267
7331 5141
2 2
730 212
1 1
1 1
3530 3336
5 1
4 4
818 396
1 1
1 1
210 196
7115 5559
3964 2218
1 1
1 1
383 286
49 3
88304 71990
7 5
637 285
1 1
24310 14974
2 2
743 92
790 229
50176 26264
9 7
21 15
960 734
1 1
16 9
2 2
74 10
26834 12153
12 3
3234 3188
51837 14724
99 37
5833 581
1 1
85 15
37 34
1 1
5770 571
89 3
1 1
74928 39642
165 145
1 1
73411 43576
30 9
32078 1715
1 1
10 4
8 4
1 1
447 326
502 123
60 32
42592 33703
67 1
3 1
32 12
2 2
4 1
12 12
52 35
4 3
20 6
35 24
289 216
63552 6014
5 2
6234 4863
66383 26073
10 7
16241 2331
1 1
78170 15741
1 1
267 233
684 359
356 314
41280 17974
1 1
5721 2568
63 3
948 438
8150 2092
89 59
331 286
39097 28769
4140 367
94 55
24364 7349
1 1
94720 30306
7 7
224 144
65414 18205
