1000
4 2
9 8
83 19
7 4
96 87
76 32
15 3
1 1
1 1
3 3
88 5
1 1
1 1
46 20
1 1
1 1
5 2
1 1
1 1
3 3
1 1
1 1
8 7
10 4
6 2
52 12
1 1
60 29
9 9
89 29
1 1
8 4
13 12
29 22
1 1
1 1
4 4
26 4
88 59
40 18
28 22
17 5
1 1
1 1
77 39
1 1
1 1
1 1
88 35
63 16
1 1
57 50
1 1
42 21
1 1
10 10
1 1
1 1
1 1
3 3
1 1
7 5
1 1
1 1
1 1
4 1
7 2
1 1
1 1
5 5
26 7
3 2
65 20
1 1
64 26
56 7
58 4
8 3
1 1
86 75
1 1
1 1
1 1
1 1
5 2
2 2
19 16
9 7
5 2
16 13
7 4
7 3
24 8
95 12
1 1
1 1
1 1
1 1
54 35
6 5
93 73
86 28
10 5
2 1
1 1
1 1
1 1
7 1
5 1
3 1
14 4
54 53
7 6
1 1
1 1
1 1
1 1
6 2
74 39
54 1
2 2
7 1
1 1
8 6
4 4
3 3
82 23
6 1
99 49
1 1
61 29
7 4
37 30
98 72
56 36
1 1
1 1
3 3
1 1
1 1
35 32
52 12
2 2
9 2
71 41
1 1
3 1
2 1
1 1
26 22
7 4
1 1
7 5
5 1
4 3
1 1
1 1
8 7
48 15
1 1
7 4
88 73
1 1
32 23
5 3
3 3
1 1
1 1
1 1
8 4
96 53
52 20
35 25
1 1
51 6
42 3
4 3
1 1
1 1
2 2
1 1
4 3
71 65
7 1
1 1
1 1
1 1
11 2
1 1
1 1
1 1
59 4
1 1
92 11
4 1
60 42
3 1
86 85
1 1
10 4
4 2
18 8
54 23
5 2
1 1
1 1
12 8
9 7
1 1
10 9
15 7
1 1
1 1
7 2
10 1
8 8
1 1
50 30
8 2
60 34
7 7
5 3
1 1
5 5
4 2
3 2
8 1
2 2
45 42
79 57
10 10
6 2
9 7
71 22
4 2
69 52
2 1
10 5
47 26
1 1
75 17
1 1
1 1
1 1
14 8
1 1
87 84
10 8
1 1
1 1
9 8
2 2
18 15
6 2
8 6
1 1
14 10
4 2
46 11
1 1
1 1
3 3
10 6
47 26
86 2
94 56
38 2
12 4
49 5
1 1
1 1
8 3
1 1
72 72
10 6
6 4
7 7
89 75
1 1
1 1
1 1
49 29
8 8
93 62
4 4
4 3
1 1
1 1
84 62
68 30
1 1
18 4
57 49
1 1
1 1
92 91
45 4
1 1
66 63
1 1
4 4
23 14
54 39
12 3
46 27
1 1
4 2
1 1
4 4
1 1
87 62
1 1
6 5
1 1
1 1
9 2
1 1
4 3
1 1
1 1
1 1
87 32
1 1
1 1
62 25
1 1
80 68
28 5
4 4
8 7
100 47
1 1
90 28
5 4
45 27
6 5
26 11
5 1
1 1
10 9
1 1
80 14
3 3
11 10
3 1
6 6
8 7
95 21
70 44
56 5
4 1
24 21
6 6
8 2
1 1
2 2
1 1
10 10
1 1
47 44
89 41
5 2
94 76
47 25
1 1
1 1
1 1
1 1
30 1
1 1
1 1
1 1
1 1
2 1
1 1
23 14
1 1
9 4
38 38
1 1
75 41
3 1
5 3
5 5
1 1
3 3
1 1
81 71
1 1
9 6
1 1
1 1
5 2
1 1
1 1
3 1
1 1
52 24
4 3
86 48
99 1
100 88
65 45
2 2
1 1
58 49
1 1
43 26
1 1
92 57
1 1
6 6
1 1
71 26
2 1
1 1
1 1
1 1
84 9
26 15
35 31
3 2
53 23
1 1
8 7
8 7
22 6
70 13
11 1
27 18
32 24
6 1
3 1
26 19
5 3
1 1
30 4
51 40
3 2
1 1
2 1
6 5
1 1
8 1
54 30
27 12
5 4
92 24
41 33
4 1
1 1
67 61
1 1
10 9
76 43
5 3
1 1
8 4
24 24
1 1
1 1
55 54
5 4
9 5
22 12
1 1
1 1
3 2
1 1
2 2
1 1
1 1
88 67
45 30
51 8
1 1
75 21
38 14
13 5
10 3
1 1
21 20
61 21
1 1
1 1
5 5
10 8
1 1
1 1
68 38
92 12
6 3
8 1
1 1
2 2
1 1
7 7
4 3
61 13
9 5
2 2
10 9
1 1
1 1
1 1
95 36
7 3
7 2
1 1
1 1
13 9
9 8
9 6
1 1
5 1
1 1
2 1
4 3
30 6
3 2
3 1
1 1
13 7
1 1
5 1
1 1
2 1
6 6
1 1
3 2
1 1
1 1
7 4
1 1
7 7
78 55
6 1
1 1
1 1
83 70
31 13
33 22
1 1
11 7
1 1
1 1
6 2
1 1
1 1
5 1
1 1
7 7
3 2
15 10
40 27
17 17
37 19
35 17
1 1
43 39
10 3
1 1
35 2
5 5
7 4
1 1
10 9
1 1
87 13
1 1
1 1
1 1
1 1
33 12
1 1
5 4
1 1
1 1
9 1
8 3
1 1
48 6
10 7
56 49
6 2
21 1
3 1
1 1
1 1
8 5
6 2
4 3
4 3
1 1
8 2
1 1
80 76
8 6
25 20
45 18
1 1
1 1
10 7
1 1
3 2
1 1
1 1
2 2
7 6
2 2
1 1
4 3
32 9
1 1
2 1
38 24
2 1
26 9
1 1
1 1
8 8
44 37
2 2
76 1
1 1
81 4
6 2
19 4
43 15
1 1
6 3
3 3
1 1
7 3
72 3
1 1
3 2
7 6
68 26
2 1
7 1
9 9
8 6
98 57
1 1
1 1
3 1
1 1
46 34
91 44
6 6
1 1
4 4
33 8
5 2
1 1
1 1
56 29
23 18
1 1
1 1
1 1
8 3
1 1
1 1
4 3
89 43
2 2
1 1
7 2
96 42
1 1
1 1
10 9
10 8
30 11
29 4
1 1
21 15
8 2
1 1
7 2
30 21
5 3
1 1
1 1
6 2
5 4
4 4
1 1
47 31
44 43
7 1
9 3
1 1
1 1
1 1
19 18
1 1
4 2
1 1
1 1
1 1
1 1
1 1
1 1
55 7
1 1
1 1
1 1
3 2
41 38
21 4
4 4
1 1
8 5
1 1
1 1
1 1
19 5
1 1
34 19
1 1
10 2
1 1
1 1
81 31
4 1
1 1
7 1
1 1
4 2
5 2
10 3
5 2
1 1
17 13
1 1
26 8
1 1
2 1
59 59
7 5
1 1
2 2
69 30
11 2
8 5
1 1
8 7
26 22
4 2
10 1
10 10
44 31
1 1
1 1
1 1
1 1
10 5
1 1
2 2
1 1
6 6
1 1
1 1
40 10
1 1
62 34
10 4
7 3
9 6
1 1
1 1
10 4
48 19
68 30
2 1
24 17
38 15
2 2
1 1
1 1
2 1
4 3
6 6
64 20
34 14
89 71
1 1
1 1
1 1
7 7
6 5
1 1
60 18
84 47
2 2
30 17
33 24
43 39
1 1
7 6
1 1
1 1
4 3
87 12
5 3
1 1
84 81
62 36
5 3
1 1
40 22
1 1
2 2
1 1
66 1
80 28
1 1
2 1
1 1
1 1
1 1
26 8
6 6
71 70
90 82
8 5
88 22
1 1
92 76
1 1
29 4
78 56
1 1
1 1
62 49
1 1
48 38
38 9
1 1
6 3
64 36
1 1
3 3
32 1
1 1
5 2
7 1
6 5
8 1
2 1
29 16
1 1
81 52
5 2
25 8
6 4
1 1
23 5
9 3
50 12
1 1
1 1
1 1
29 23
2 1
1 1
1 1
1 1
83 2
4 1
1 1
91 44
1 1
6 5
1 1
20 3
1 1
1 1
1 1
59 11
24 10
39 18
1 1
4 4
9 6
1 1
4 1
84 47
67 23
87 47
1 1
9 7
6 2
1 1
16 4
66 35
1 1
2 2
1 1
1 1
1 1
10 6
5 1
4 4
1 1
1 1
1 1
1 1
5 4
4 2
1 1
1 1
1 1
49 3
4 2
7 5
1 1
1 1
10 4
2 2
1 1
1 1
76 76
9 7
21 15
1 1
1 1
16 9
2 2
74 10
34 27
12 3
4 4
37 35
1 1
3 3
1 1
85 15
37 34
1 1
10 1
89 3
1 1
28 22
1 1
1 1
11 6
30 9
78 73
1 1
10 4
8 4
1 1
1 1
1 1
60 32
92 11
67 1
3 1
1 1
2 2
4 1
12 12
52 35
4 3
1 1
35 24
1 1
52 38
5 2
4 3
83 81
10 7
41 22
1 1
70 61
1 1
1 1
1 1
1 1
80 54
1 1
1 1
1 1
1 1
10 2
89 59
1 1
97 52
10 7
94 55
64 1
1 1
20 6
7 7
1 1
14 9
