4
3
1 2 3
2 3 5
3 5 6
2 3 4
1 2 3
7
4 9 13 16 17 18 28
1 2 3 4 5 6 23
23 25 26 29 30 32 34
6 11 15 18 20 21 33
3 8 12 13 14 15 27
1 2 3 4 5 6 22
6 11 15 18 20 21 32
2 7 8 9 10 11 24
5 10 14 17 19 20 31
5 10 14 17 19 20 30
2 7 8 9 10 11 25
22 24 27 28 31 33 34
4 9 13 16 17 18 2
3
1 2 3
2 3 5
3 5 6
2 3 4
1 2 3
5
2 4 5 7 8
5 7 8 10 12
7 9 10 12 14
2 4 5 7 9
9 11 12 13 16
7 8 9 12 13
8 9 11 14 16
4 6 7 9 11
4 6 7 8 9
4
2 4 5 6
6 8 9 12
1 2 3 5
1 2 4 6
4 6 8 10
3 5 8 9
2 4 6 8
2
2 6
2 4
6 8
4
11 14 16 22
3 6 9 11
6 7 11 14
9 11 15 19
10 11 19 22
6 7 10 11
3 6 8 10
3
1 2 3
2 3 5
3 5 6
2 3 4
1 2 3
